CV Measurement
Barcode=33305010000619	DateCV=20160310	TempCV=20.0	HumidityCV=50.0	FluenceCV=	Freq=5000.0

Voltage		Backplane 	StripAll
-5.0000000E+0	8.5570000E-13	0.0000000E+0	8.5570000E-13
-1.0000000E+1	7.8940000E-13	0.0000000E+0	7.8940000E-13
-1.5000000E+1	7.7840000E-13	0.0000000E+0	7.7840000E-13
-2.0000000E+1	7.8150000E-13	0.0000000E+0	7.8150000E-13
-2.5000000E+1	7.8260000E-13	0.0000000E+0	7.8260000E-13
-3.0000000E+1	7.8190000E-13	0.0000000E+0	7.8190000E-13
-3.5000000E+1	7.7950000E-13	0.0000000E+0	7.7950000E-13
-4.0000000E+1	7.7500000E-13	0.0000000E+0	7.7500000E-13
-4.5000000E+1	7.6620000E-13	0.0000000E+0	7.6620000E-13
-5.0000000E+1	7.5780000E-13	0.0000000E+0	7.5780000E-13
-5.5000000E+1	7.6110000E-13	0.0000000E+0	7.6110000E-13
-6.0000000E+1	7.7490000E-13	0.0000000E+0	7.7490000E-13
-6.5000000E+1	7.9890000E-13	0.0000000E+0	7.9890000E-13
-7.0000000E+1	8.2200000E-13	0.0000000E+0	8.2200000E-13
-7.5000000E+1	8.3810000E-13	0.0000000E+0	8.3810000E-13
-8.0000000E+1	8.5360000E-13	0.0000000E+0	8.5360000E-13
-8.5000000E+1	8.7050000E-13	0.0000000E+0	8.7050000E-13
-9.0000000E+1	8.8480000E-13	0.0000000E+0	8.8480000E-13
-9.5000000E+1	9.0250000E-13	0.0000000E+0	9.0250000E-13
-1.0000000E+2	9.1920000E-13	0.0000000E+0	9.1920000E-13
-1.0500000E+2	9.3540000E-13	0.0000000E+0	9.3540000E-13
-1.1000000E+2	9.5220000E-13	0.0000000E+0	9.5220000E-13
-1.1500000E+2	9.6890000E-13	0.0000000E+0	9.6890000E-13
-1.2000000E+2	9.8740000E-13	0.0000000E+0	9.8740000E-13
-1.2500000E+2	1.0053000E-12	0.0000000E+0	1.0053000E-12
-1.3000000E+2	1.0233000E-12	0.0000000E+0	1.0233000E-12
-1.3500000E+2	1.0415000E-12	0.0000000E+0	1.0415000E-12
-1.4000000E+2	1.0588000E-12	0.0000000E+0	1.0588000E-12
-1.4500000E+2	1.0750000E-12	0.0000000E+0	1.0750000E-12
-1.5000000E+2	1.0910000E-12	0.0000000E+0	1.0910000E-12
-1.5500000E+2	1.1070000E-12	0.0000000E+0	1.1070000E-12
-1.6000000E+2	1.1224000E-12	0.0000000E+0	1.1224000E-12
-1.6500000E+2	1.1031000E-12	0.0000000E+0	1.1031000E-12
-1.7000000E+2	1.1513000E-12	0.0000000E+0	1.1513000E-12
-1.7500000E+2	1.1653000E-12	0.0000000E+0	1.1653000E-12
-1.8000000E+2	1.1784000E-12	0.0000000E+0	1.1784000E-12
-1.8500000E+2	1.1911000E-12	0.0000000E+0	1.1911000E-12
-1.9000000E+2	1.2075000E-12	0.0000000E+0	1.2075000E-12
-1.9500000E+2	1.2170000E-12	0.0000000E+0	1.2170000E-12
-2.0000000E+2	1.2242000E-12	0.0000000E+0	1.2242000E-12
-2.0500000E+2	1.2399000E-12	0.0000000E+0	1.2399000E-12
-2.1000000E+2	1.2516000E-12	0.0000000E+0	1.2516000E-12
-2.1500000E+2	1.2633000E-12	0.0000000E+0	1.2633000E-12
-2.2000000E+2	1.2700000E-12	0.0000000E+0	1.2700000E-12
-2.2500000E+2	1.2865000E-12	0.0000000E+0	1.2865000E-12
-2.3000000E+2	1.2967000E-12	0.0000000E+0	1.2967000E-12
-2.3500000E+2	1.3087000E-12	0.0000000E+0	1.3087000E-12
-2.4000000E+2	1.3199000E-12	0.0000000E+0	1.3199000E-12
-2.4500000E+2	1.3319000E-12	0.0000000E+0	1.3319000E-12
-2.5000000E+2	1.3407000E-12	0.0000000E+0	1.3407000E-12
-2.5500000E+2	1.3514000E-12	0.0000000E+0	1.3514000E-12
-2.6000000E+2	1.3614000E-12	0.0000000E+0	1.3614000E-12
-2.6500000E+2	1.3740000E-12	0.0000000E+0	1.3740000E-12
-2.7000000E+2	1.3790000E-12	0.0000000E+0	1.3790000E-12
-2.7500000E+2	1.3860000E-12	0.0000000E+0	1.3860000E-12
-2.8000000E+2	1.3920000E-12	0.0000000E+0	1.3920000E-12
-2.8500000E+2	1.3950000E-12	0.0000000E+0	1.3950000E-12
-2.9000000E+2	1.3980000E-12	0.0000000E+0	1.3980000E-12
-2.9500000E+2	1.4000000E-12	0.0000000E+0	1.4000000E-12
-3.0000000E+2	1.4010000E-12	0.0000000E+0	1.4010000E-12
-3.0500000E+2	1.4010000E-12	0.0000000E+0	1.4010000E-12
-3.1000000E+2	1.4020000E-12	0.0000000E+0	1.4020000E-12
-3.1500000E+2	1.4020000E-12	0.0000000E+0	1.4020000E-12
-3.2000000E+2	1.4030000E-12	0.0000000E+0	1.4030000E-12
-3.2500000E+2	1.4030000E-12	0.0000000E+0	1.4030000E-12
-3.3000000E+2	1.4030000E-12	0.0000000E+0	1.4030000E-12
-3.3500000E+2	1.4040000E-12	0.0000000E+0	1.4040000E-12
-3.4000000E+2	1.4040000E-12	0.0000000E+0	1.4040000E-12
-3.4500000E+2	1.4050000E-12	0.0000000E+0	1.4050000E-12
-3.5000000E+2	1.4040000E-12	0.0000000E+0	1.4040000E-12
-3.5500000E+2	1.4050000E-12	0.0000000E+0	1.4050000E-12
-3.6000000E+2	1.4050000E-12	0.0000000E+0	1.4050000E-12
-3.6500000E+2	1.4050000E-12	0.0000000E+0	1.4050000E-12
-3.7000000E+2	1.4050000E-12	0.0000000E+0	1.4050000E-12
-3.7500000E+2	1.4050000E-12	0.0000000E+0	1.4050000E-12
-3.8000000E+2	1.4050000E-12	0.0000000E+0	1.4050000E-12
-3.8500000E+2	1.4050000E-12	0.0000000E+0	1.4050000E-12
-3.9000000E+2	1.3980000E-12	0.0000000E+0	1.3980000E-12
-3.9500000E+2	1.3980000E-12	0.0000000E+0	1.3980000E-12
-4.0000000E+2	1.3980000E-12	0.0000000E+0	1.3980000E-12
-4.0500000E+2	1.3980000E-12	0.0000000E+0	1.3980000E-12
