CV Measurement
Barcode=33305010000619	DateCV=20160310	TempCV=20.0	HumidityCV=50.0	FluenceCV=	Freq=5000.0

Voltage		Backplane 	StripAll
-5.0000000E+0	8.3690000E-13	0.0000000E+0	8.3690000E-13
-1.0000000E+1	1.1549000E-12	0.0000000E+0	1.1549000E-12
-1.5000000E+1	1.3389000E-12	0.0000000E+0	1.3389000E-12
-2.0000000E+1	1.4520000E-12	0.0000000E+0	1.4520000E-12
-2.5000000E+1	1.5230000E-12	0.0000000E+0	1.5230000E-12
-3.0000000E+1	1.5740000E-12	0.0000000E+0	1.5740000E-12
-3.5000000E+1	1.6110000E-12	0.0000000E+0	1.6110000E-12
-4.0000000E+1	1.6420000E-12	0.0000000E+0	1.6420000E-12
-4.5000000E+1	1.6760000E-12	0.0000000E+0	1.6760000E-12
-5.0000000E+1	1.7080000E-12	0.0000000E+0	1.7080000E-12
-5.5000000E+1	1.7370000E-12	0.0000000E+0	1.7370000E-12
-6.0000000E+1	1.7620000E-12	0.0000000E+0	1.7620000E-12
-6.5000000E+1	1.7890000E-12	0.0000000E+0	1.7890000E-12
-7.0000000E+1	1.8100000E-12	0.0000000E+0	1.8100000E-12
-7.5000000E+1	1.8290000E-12	0.0000000E+0	1.8290000E-12
-8.0000000E+1	1.8470000E-12	0.0000000E+0	1.8470000E-12
-8.5000000E+1	1.8630000E-12	0.0000000E+0	1.8630000E-12
-9.0000000E+1	1.8790000E-12	0.0000000E+0	1.8790000E-12
-9.5000000E+1	1.8980000E-12	0.0000000E+0	1.8980000E-12
-1.0000000E+2	1.9140000E-12	0.0000000E+0	1.9140000E-12
-1.0500000E+2	1.9250000E-12	0.0000000E+0	1.9250000E-12
-1.1000000E+2	1.9370000E-12	0.0000000E+0	1.9370000E-12
-1.1500000E+2	1.9470000E-12	0.0000000E+0	1.9470000E-12
-1.2000000E+2	1.9570000E-12	0.0000000E+0	1.9570000E-12
-1.2500000E+2	1.9660000E-12	0.0000000E+0	1.9660000E-12
-1.3000000E+2	1.9730000E-12	0.0000000E+0	1.9730000E-12
-1.3500000E+2	1.9830000E-12	0.0000000E+0	1.9830000E-12
-1.4000000E+2	1.9910000E-12	0.0000000E+0	1.9910000E-12
-1.4500000E+2	1.9980000E-12	0.0000000E+0	1.9980000E-12
-1.5000000E+2	2.0050000E-12	0.0000000E+0	2.0050000E-12
-1.5500000E+2	2.0110000E-12	0.0000000E+0	2.0110000E-12
-1.6000000E+2	2.0170000E-12	0.0000000E+0	2.0170000E-12
-1.6500000E+2	2.0240000E-12	0.0000000E+0	2.0240000E-12
-1.7000000E+2	2.0290000E-12	0.0000000E+0	2.0290000E-12
-1.7500000E+2	2.0350000E-12	0.0000000E+0	2.0350000E-12
-1.8000000E+2	2.0400000E-12	0.0000000E+0	2.0400000E-12
-1.8500000E+2	2.0450000E-12	0.0000000E+0	2.0450000E-12
-1.9000000E+2	2.0500000E-12	0.0000000E+0	2.0500000E-12
-1.9500000E+2	2.0550000E-12	0.0000000E+0	2.0550000E-12
-2.0000000E+2	2.0600000E-12	0.0000000E+0	2.0600000E-12
-2.0500000E+2	2.0640000E-12	0.0000000E+0	2.0640000E-12
-2.1000000E+2	2.0690000E-12	0.0000000E+0	2.0690000E-12
-2.1500000E+2	2.0730000E-12	0.0000000E+0	2.0730000E-12
-2.2000000E+2	2.0780000E-12	0.0000000E+0	2.0780000E-12
-2.2500000E+2	2.0820000E-12	0.0000000E+0	2.0820000E-12
-2.3000000E+2	2.0860000E-12	0.0000000E+0	2.0860000E-12
-2.3500000E+2	2.0900000E-12	0.0000000E+0	2.0900000E-12
-2.4000000E+2	2.0930000E-12	0.0000000E+0	2.0930000E-12
-2.4500000E+2	2.0950000E-12	0.0000000E+0	2.0950000E-12
-2.5000000E+2	2.0970000E-12	0.0000000E+0	2.0970000E-12
-2.5500000E+2	2.0980000E-12	0.0000000E+0	2.0980000E-12
-2.6000000E+2	2.0990000E-12	0.0000000E+0	2.0990000E-12
-2.6500000E+2	2.0990000E-12	0.0000000E+0	2.0990000E-12
-2.7000000E+2	2.0990000E-12	0.0000000E+0	2.0990000E-12
-2.7500000E+2	2.0990000E-12	0.0000000E+0	2.0990000E-12
-2.8000000E+2	2.0990000E-12	0.0000000E+0	2.0990000E-12
-2.8500000E+2	2.0990000E-12	0.0000000E+0	2.0990000E-12
-2.9000000E+2	2.0990000E-12	0.0000000E+0	2.0990000E-12
-2.9500000E+2	2.0990000E-12	0.0000000E+0	2.0990000E-12
-3.0000000E+2	2.0980000E-12	0.0000000E+0	2.0980000E-12
-3.0500000E+2	2.0980000E-12	0.0000000E+0	2.0980000E-12
-3.1000000E+2	2.0980000E-12	0.0000000E+0	2.0980000E-12
-3.1500000E+2	2.0980000E-12	0.0000000E+0	2.0980000E-12
-3.2000000E+2	2.0980000E-12	0.0000000E+0	2.0980000E-12
-3.2500000E+2	2.0980000E-12	0.0000000E+0	2.0980000E-12
-3.3000000E+2	2.0980000E-12	0.0000000E+0	2.0980000E-12
-3.3500000E+2	2.0980000E-12	0.0000000E+0	2.0980000E-12
-3.4000000E+2	2.0980000E-12	0.0000000E+0	2.0980000E-12
-3.4500000E+2	2.0970000E-12	0.0000000E+0	2.0970000E-12
-3.5000000E+2	2.0970000E-12	0.0000000E+0	2.0970000E-12
-3.5500000E+2	2.0970000E-12	0.0000000E+0	2.0970000E-12
-3.6000000E+2	2.0970000E-12	0.0000000E+0	2.0970000E-12
-3.6500000E+2	2.0970000E-12	0.0000000E+0	2.0970000E-12
-3.7000000E+2	2.0970000E-12	0.0000000E+0	2.0970000E-12
-3.7500000E+2	2.0970000E-12	0.0000000E+0	2.0970000E-12
-3.8000000E+2	2.0970000E-12	0.0000000E+0	2.0970000E-12
-3.8500000E+2	2.0970000E-12	0.0000000E+0	2.0970000E-12
-3.9000000E+2	2.0970000E-12	0.0000000E+0	2.0970000E-12
-3.9500000E+2	2.0960000E-12	0.0000000E+0	2.0960000E-12
-4.0000000E+2	2.0960000E-12	0.0000000E+0	2.0960000E-12
-4.0500000E+2	2.0960000E-12	0.0000000E+0	2.0960000E-12
